6000199859174
6000199857495
6000199859548
6000199857959
6000199858276
6000199858630
6000199858477
6000199858769
6000199858868
6000199858350
6000196302284
6000196302278
6000196302257
6000196302272
6000196302281
6000196302263
6000196302269
6000196302260
6000196302266
6000196302275
6000198006014
6000198007000
6000198027129
6000198007878
6000198028859
6000198028732
6000198029598
6000198027973
6000198005722
6000198006835
6000199879206
6000199879480
6000199867855
6000199867847
6000199880079
6000199868439
6000199880569
6000199868633
6000199880392
6000199868431
6000199671259
6000199671493
6000199670858
6000199676846
6000199671067
6000199680545
6000199670979
6000199680194
6000199677831
6000199680619
6000199625237
6000199541297
6000199618715
6000199624956
6000199541776
6000199624610
6000199542199
6000199625094
6000199541596
6000199540385
6000198618891
6000198620502
6000198618814
6000198620563
6000198621891
6000198618643
6000198619338
6000198619617
6000198619185
6000198621372
6000199468885
6000199475939
6000199465689
6000199477642
6000199476959
6000199477715
6000199477230
6000199469245
6000199468776
6000199469425
6000199599926
6000199601724
6000198405063
6000198405424
6000198403945
6000198405403
6000198405551
6000198405517
6000198404395
6000198405184
6000199556503
6000199555578
6000199499400
6000199498405
6000199499424
6000199555968
6000199555248
6000199498549
6000199497692
6000199555926
981230
982269
982337
981227
982266
982340
982260
982263
6000195390184
6000195390181
6000199466379
6000199465228
6000199466938
6000199465097
6000199473743
6000199475358
6000199473464
6000199472425
6000199474107
6000199465019
6000196843361
6000196843285
6000196843276
6000196843279
6000196843346
6000196843273
6000196843370
6000196843270
6000196843282
6000196844661
6000197308850
6000197309090
6000197308145
6000197308183
6000197308737
6000197309073
6000197307687
6000197309139
6000197308065
6000197308041
6000199821631
6000199823622
6000199823731
6000199824251
6000199821391
6000199821706
6000199822809
6000199823846
6000199823933
6000199824162
6000197042704
6000197042731
6000197042719
6000197042725
6000197042707
6000197042716
6000197042722
6000197042728
6000197042713
6000197042710
6000196843416
6000196843437
6000196843422
6000196843419
6000196843431
6000196843440
6000196843425
6000196844676
6000196843434
6000196843428
6000200391332
6000199629342
6000199216580
6000199217702
6000199217715
6000200392018
6000200391673
6000199216648
6000199218071
6000199228292
6000196300141
6000196300265
6000196300287
6000196300309
6000196300129
6000196300293
6000196300281
6000196300303
6000196300253
6000196300315
6000199459345
6000199458539
6000199458412
6000199459004
6000199458682
6000199458421
6000199458800
6000199458642
6000199459022
6000199459128
6000192739143
6000192739163
6000192739151
6000192739125
6000192739105
6000192739119
6000192739160
6000192739111
6000192739108
6000192739166
6000199542411
6000199542636
6000199541609
6000199542538
6000199542120
6000199540886
6000199540287
6000199541480
6000199540346
6000199540842
6000199797995
6000199796265
6000199798919
6000199795897
6000199796853
6000199797479
6000199797145
6000199798525
6000199798875
6000199798358
6000199368008
6000199352816
6000199368110
6000199352213
6000199352759
6000199368147
6000199367961
6000199352617
6000199352526
6000199367768
10255260
10255316
10236668
10236733
10255248
10236726
10236385
10255539
10255254
10236708
6000198864032
6000198902423
6000198854550
6000198903155
6000198856731
6000198864274
6000198901031
6000198862464
6000198901443
6000198900666
6000198896263
6000198895855
6000198894129
6000198891712
6000198894361
6000198894281
6000198891065
6000198894647
6000198894759
6000198890650
6000187503917
6000196281184
6000187503920
6000196281160
6000196281163
6000196281181
6000196281157
6000187503932
6000196281154
6000187503929
6000193605365
6000193605410
6000193605378
6000193605347
6000193605371
6000193605375
6000193605361
6000193605344
6000193605341
6000193605368
6000198904655
6000198904635
6000198904436
6000198904393
6000198904792
6000198905354
6000198905331
6000198905867
6000198905600
6000198905362
6000198760900
6000198761040
6000198760873
6000198761373
6000198760827
6000198761918
6000198761307
6000198760943
6000198761232
6000198761220
6000198735292
6000198734235
6000198772566
6000198771428
6000198768336
6000198769287
6000198736899
6000198733778
6000198767071
6000198735834
6000196737237
6000196737246
6000196737243
6000196737411
6000196737405
6000196737414
6000196737240
6000196737249
6000196737234
6000196737408
6000199265897
6000199266307
6000199267063
6000199267262
6000199267977
6000199267159
6000199268439
6000199266489
6000199266621
6000199266587
6000197583745
6000197585490
6000197584640
6000197586355
6000197584244
6000197584646
6000197583404
6000197586241
6000197583621
6000197583963
6000198940179
6000198939219
6000199098719
6000199097302
6000198939442
6000199098647
6000198938071
6000199098621
6000199098667
6000198938863
6000199134002
6000199138443
6000199101702
6000199101295
6000199133928
6000199101012
6000199101182
6000199138688
6000199101952
6000199133544
6000198987001
6000198983426
6000198982327
6000198981005
6000198986596
6000198984497
6000198989402
6000198981899
6000198981587
6000198982142
6000198797561
6000198826762
6000198827679
6000198827894
6000198827169
6000198828516
6000198797474
6000198798195
6000198798539
6000198800327
6000192739196
6000192739181
6000192739193
6000192739175
6000192739190
6000192739178
6000192739172
6000192739169
6000192739184
6000192739187
6000197971943
6000197972056
6000197972301
6000197972367
6000197971357
6000197972373
6000197971897
6000197971387
6000197972080
6000197970850
6000198308330
6000198308186
6000198307285
6000198309498
6000198308411
6000198309151
6000198307956
6000198308339
6000198309172
6000198309334
6000199823448
6000199804893
6000199822689
6000199806165
6000199821678
6000199806257
6000199823911
6000199821544
6000199807806
6000199804751
6000199107501
6000199137949
6000199109310
6000199137393
6000199139208
6000199136610
6000199108789
6000199135653
6000199108516
6000199109811
6000192737984
6000192737993
6000192737977
6000192737999
6000192737987
6000192738002
6000192737990
6000192737969
6000192738008
6000192738011
6000199016238
6000199016465
6000199015702
6000199016147
6000199015753
6000199016586
6000199015184
6000199015845
6000199016651
6000199016032
6000199969209
6000199985591
6000199970073
6000199969553
6000199985464
6000199985372
6000199969272
6000199986523
6000199985884
6000199969932
6000195139728
6000195139713
6000195139719
6000195139731
6000195139734
6000195139722
6000195139725
6000195139707
6000195139710
6000195139716
6000199426991
6000199452038
6000199452410
6000199446168
6000199425694
6000199425670
6000199426070
6000199445994
6000199451734
6000199426908
6000198197249
6000198200028
6000198199980
6000198198164
6000198197702
6000198196069
6000198197871
6000198198410
6000198199198
6000198197495
6000199447387
6000199425559
6000199446024
6000199446448
6000199447180
6000199425404
6000199425827
6000199446230
6000199426412
6000199425031
6000197971461
6000197972483
6000197970862
6000197970906
6000197970808
6000197971888
6000197972416
6000197970909
6000197972577
6000197971576
6000199602585
6000199618842
6000199620115
6000199601628
6000199601592
6000199621351
6000199619430
6000199602444
6000199602183
6000199619625
6000199393295
6000199394489
6000199501254
6000199400761
6000199400932
6000199502107
6000199500940
6000199500551
6000199393610
6000199501708
6000198935012
6000198935885
6000198935573
6000198934389
6000198934624
6000198933562
6000198935255
6000198932942
6000198940753
6000198933182
6000198279189
6000198277503
6000198280408
6000198023192
6000198018577
6000198020245
6000198280166
6000198022378
6000198018101
6000198276375
6000199562182
6000197543109
6000197546755
6000197544955
6000197542888
6000197543933
6000197542583
6000197546232
6000197543705
6000197542602
6000197138805
6000197138802
6000197138763
6000197138781
6000197138790
6000197138793
6000197138796
6000197138787
6000197138799
6000197138769
6000199167443
6000199167335
6000199168514
6000199168238
6000199168619
6000199169468
6000199168252
6000199167560
6000199168092
6000199169187
6000196347541
6000196347532
6000196347550
6000196347535
6000196347529
6000196347538
6000196347523
6000196347547
6000196347526
6000196347544
6000196715819
6000196715822
6000196715828
6000196715837
6000196715834
6000196715813
6000196715810
6000196715825
6000196715816
6000196715831
6000199618381
6000199610707
6000199609932
6000199620654
6000199611012
6000199619911
6000199609269
6000199619669
6000199619120
6000199611372
6000196082799
6000196082802
6000196082811
6000196082820
6000196082796
6000196082808
6000196082817
6000196082814
6000196082805
6000196082793
10311890
10311977
10311250
10311538
10311206
10311324
10311634
10311892
10311706
10311296
6000198919509
6000198931060
6000198931134
6000198930599
6000198930831
6000198930667
6000198930991
6000198931126
6000198931239
6000198930607
6000196398641
6000196398645
6000196398653
6000196398649
6000196398625
6000196398637
6000196398657
6000196398633
6000196398661
6000196398629
6000199968984
6000199969011
6000199581247
6000199581805
6000199968624
6000199974954
6000199581130
6000199580402
6000199969612
6000199580541
6000198390544
6000198390975
6000198390741
6000198391382
6000198390638
6000198390583
6000198390450
6000198390334
6000198390482
6000198390342
10241804
10241869
10241967
6000197438452
10241939
6000197439458
6000197437843
10241948
10241810
10241893
6000199116700
6000199116997
6000199121194
6000199115787
6000199120109
6000199115480
6000199116483
6000199121334
6000199120653
6000199120023
6000197921047
6000197921982
6000197921386
6000197921536
6000197921970
6000197920188
6000197920612
6000197922145
6000197920899
6000197920683
6000198709255
6000198702610
6000198708315
6000198708717
6000198708198
6000198701226
6000198702765
6000198701456
6000198700495
6000198709563
6000197017906
6000197017903
6000197017897
6000197017909
6000197017891
6000197017918
6000197017921
6000197017894
6000197017912
6000197017900
6000199343980
6000199343874
6000199343652
6000199344174
6000199343589
6000199343962
6000199344519
6000199343498
6000199344615
6000199343680
6000200117636
6000200117602
6000200116274
6000200117779
6000200116644
6000200117367
6000200117092
6000200116199
6000200116841
6000200116481
6000187092788
6000187092779
6000187092782
6000187092785
6000187092800
6000187092794
6000187092797
6000187092803
6000187092791
6000187092806
6000199758320
6000199766964
6000199765247
6000199758033
6000199768379
6000199766376
6000199766143
6000199757071
6000199756843
6000199757967
6000198939392
6000198939461
6000198927326
6000198927184
6000198927463
6000198937869
6000198926699
6000198925845
6000198937819
6000198939346
6000196383806
6000196389632
6000196383819
6000196279493
6000196383822
6000196389629
6000196279497
6000196383809
6000196383812
6000196383815
6000197536092
6000197536352
6000197536277
6000197535704
6000197536047
6000197535722
6000197535176
6000197535222
6000197535129
6000197536213
6000199599250
6000199619844
6000199595984
6000199620508
6000199598288
6000199619013
6000199619760
6000199598370
6000199597340
6000199620496
6000199917947
6000199885347
6000199885161
6000199928270
6000199885658
6000199916401
6000199885695
6000199918585
6000199884986
6000199924415
6000195481748
6000195481958
6000195481961
6000195481967
6000195481977
6000195481970
6000195481964
6000195481954
6000195481951
6000195481973
6000199610299
6000199610462
6000199612586
6000199609551
6000199611476
6000199611708
6000199612335
6000199612024
6000199612904
6000199612194
6000199425242
6000199426266
6000199426078
6000199426626
6000199425845
6000199426349
6000199426404
6000199426092
6000199425501
6000199426486
6000198806526
6000198767345
6000198767532
6000198768305
6000198771021
6000198805657
6000198806281
6000198806822
6000198768868
6000198808091
6000198598838
6000198610471
6000198611472
6000198610645
6000198597656
6000198598301
6000198597715
6000198611319
6000198610999
6000198599438
6000199891058
6000199890791
6000199891426
6000199891862
6000199891118
6000199891575
6000199890457
6000199890951
6000199891469
6000199891560
6000199037609
6000199036145
6000199047014
6000199037004
6000199035439
6000199044323
6000199045982
6000199048179
6000199035788
6000199046761
6000200109454
6000200108991
6000200108407
6000200109193
6000200108726
6000200109031
6000200108647
6000200108521
6000200108673
6000200109486
6000199667987
6000199666144
6000199667794
6000199667049
6000199667627
6000199671685
6000199668219
6000199665929
6000199668337
6000199666339
6000199624741
6000199624215
6000199625209
6000199625359
6000199623765
6000199623780
6000199625127
6000199622749
6000199624514
6000199623855
6000199575628
6000199575191
6000199574357
6000199575283
6000199575344
6000199576449
6000199575704
6000199574414
6000199575110
6000199575906
6000200031551
6000199564800
6000199564761
6000200032460
6000200031358
6000199564596
6000200031269
6000200032523
6000199565047
6000199561396
6000200254428
6000199458706
6000199458880
6000199459281
6000199458378
6000199459360
6000199458436
6000199458874
6000199458877
6000199458645
6000198058361
6000198278651
6000198277158
6000198059165
6000198277224
6000198059154
6000198278708
6000198059501
6000198058373
6000198278816
6000198933917
6000198935027
6000198952855
6000199241392
6000198949472
6000198934766
6000199241357
6000198932358
6000199242969
6000198935615
6000199240997
6000198950418
6000199242378
6000199755900
6000198952145
6000199239846
6000199758171
6000198949730
6000199240922
6000199756697
6000199240188
6000199756496
6000199240501
6000199757938
6000199756973
6000199242022
6000199755964
6000199757702
6000199757188
6000199757531
6000197679109
6000197675337
6000197676495
6000197676152
6000197679532
6000197678386
6000197677704
6000197677040
6000197676458
6000197677882
6000199802937
6000199803084
6000196843349
6000196843297
6000199804508
6000196843294
6000199805170
6000196843300
6000199805849
6000196843373
6000199806075
6000196843288
6000196843291
6000199806287
6000196843364
6000199806384
6000196843340
6000199807650
6000196843303
6000199807670
6000198985415
6000198988349
6000198936053
6000198981063
6000198936893
6000198936207
6000198985615
6000198936638
6000198936425
6000199003202
6000198855132
10307618
6000198864891
6000188963867
6000198863779
10308963
6000198856269
6000188963871
6000198863675
6000198855293
6000198862411
10308947
6000198862936
10308073
6000198855825
6000188963869
6000198864215
10308770
10307433
10308133
6000198339867
6000198340406
6000198339483
6000198339197
6000198339008
6000198340118
6000198339652
6000198340319
6000198340463
6000198340307
6000198961428
6000198983965
6000198962942
6000198960230
6000198986222
6000198985292
6000198964523
6000198959225
6000198988095
6000198986171
6000197610673
6000197611231
6000197611475
6000197611867
6000197612615
6000197612097
6000197610596
6000197610829
6000197610546
6000197610761
6000198340736
6000198339687
6000198341025
6000198340131
6000198339540
6000198338983
6000198340772
6000198341151
6000198338656
6000198340705
6000199605098
6000199815322
6000199613757
6000199605680
6000199815722
6000199603749
6000199816317
6000199604709
6000199816006
6000199604389
6000199814829
6000199603757
6000199815802
6000199603701
6000199816578
6000199604974
6000199817109
6000199613417
6000199816590
6000199816841
6000198200134
6000198195875
6000198200041
6000198199037
6000198197221
6000198198418
6000198197628
6000198198508
6000198197085
6000198199847
6000199576971
6000199577441
6000199577304
6000199575436
6000199577051
6000199577060
6000199577357
6000199576242
6000199576860
6000199576791
6000198919269
6000198917450
6000199662684
6000198919733
6000198919345
6000198917618
6000199662760
6000198917945
6000199662457
6000198930870
6000199662827
6000198930636
6000199663288
6000198919781
6000199662360
6000198917488
6000199662821
6000199663141
6000199662652
6000199662841
6000199555647
6000199501953
6000199501179
6000199493542
6000199546299
6000199544625
6000199496982
6000199546361
6000199546516
6000199497232
10047229
10046799
10048368
6000199561620
10047489
10048780
10047717
10048158
10046497
10047445
6000198977051
6000198976681
6000199000511
6000198976139
6000199000454
6000198999965
6000199001090
6000198976924
6000198977328
6000199002387
6000197583410
6000197584359
6000197583788
6000197583979
6000197585192
6000197583921
6000197584754
6000197583776
6000197585038
6000197585939
6000199685106
6000199694463
6000199685520
6000199693217
6000199684663
6000200269456
6000200269453
6000199685191
6000199684689
6000199694054
6000199003647
6000198976397
6000198956871
6000198967670
6000198955510
6000198977379
6000198956765
6000198977297
6000198976921
6000198955336
6000198944758
6000198945351
6000198949862
6000198949504
6000198949231
6000198949840
6000198949708
6000198945862
6000198947677
6000198948823
6000199077530
6000198877635
6000199091284
6000198868710
6000199092870
6000198881313
6000199079041
6000198879574
6000199092647
6000198866707
6000199093074
6000198867157
6000199076565
6000198881349
6000199092412
6000198878501
6000199076696
6000198867522
6000199091707
6000198868392
6000198695448
6000198695752
6000198696170
6000198708083
6000198695522
6000198710459
6000198709653
6000198709039
6000198700149
6000198707894
6000199344424
6000199943213
6000199344344
6000199343709
6000199942604
6000199343936
6000199943310
6000199943427
6000199942080
6000199344160
6000197976242
6000197976272
6000197976365
6000197978241
6000197977542
6000197977287
6000197977586
6000197978128
6000197977202
6000197977773
6000198010547
6000198277060
6000198010618
6000198277468
6000198010983
6000198010644
6000198011410
6000198279219
6000198276642
6000198280004
6000193648572
6000193647291
6000193647313
6000193647316
6000193647325
6000193647319
6000193647322
6000193647328
6000193647300
6000193647307
6000199612473
6000199614760
6000199614452
6000199612255
6000199614313
6000199610215
6000199610657
6000199610236
6000199612583
6000199609751
6000197898063
6000198090085
6000197898774
6000198093004
6000197915138
6000198089545
6000197897265
6000198094777
6000197915191
6000198093291
6000197915093
6000198092659
6000197915090
6000197915169
6000198093086
6000197915197
6000197915096
6000198091676
6000198093948
6000198091776
6000198959899
6000198987514
6000198980928
6000198984876
6000198990397
6000198959178
6000198959927
6000198990000
6000198960399
6000198964725
6000199747845
6000199747633
6000199748028
6000199747817
6000199746740
6000199747474
6000199747171
6000199746939
6000199748317
6000199747116
6000198951537
6000198935440
6000198935690
6000198935556
6000198934656
6000198948896
6000198933602
6000198948337
6000198952915
6000198948802
6000198021811
6000198020621
6000198019699
6000198019206
6000198021653
6000198022647
6000198022535
6000198020311
6000198018476
6000198018552
6000199639816
6000199639142
6000199638082
6000199637798
6000199638645
6000199637427
6000199639397
6000199639119
6000199639526
6000199638101
6000199473996
6000199474104
6000199457822
6000199472713
6000199474826
6000199456621
6000199458266
6000199457076
6000199457468
6000199474153
6000199000205
6000199003127
6000199002713
6000199002909
6000199003222
6000199003288
6000199001755
6000199001633
6000199001031
6000199002776
6000197459487
6000199077864
6000200289237
6000199078489
6000197455135
6000199091516
6000199679655
6000197467119
6000199046507
6000199679210
6000197454633
6000199093126
6000199671070
6000197458064
6000199047080
6000199671021
6000197456777
6000199671183
6000199044952
6000199671591
6000197467268
6000199076073
6000199678390
6000197459763
6000199044908
6000199677873
6000197457876
6000199045288
6000199668427
6000197467259
6000198188224
6000198186827
6000197830555
6000197829789
6000197830339
6000198185386
6000197830412
6000197828445
6000197830080
6000197829899
6000197769448
6000197767752
6000197767504
6000197769618
6000197767228
6000197769764
6000197767860
6000197767529
6000197768873
6000197768187
6000198986431
6000198141457
6000199003007
6000198141149
6000198956549
6000200377681
6000198984559
6000198140702
6000198982155
6000198140662
6000198955008
6000198141490
6000198955567
6000200378187
6000198986883
6000200377599
6000198954598
6000198141137
6000198954625
6000198140518
6000198925840
6000198928302
6000198927710
6000198925003
6000198938566
6000198925375
6000198937983
6000198925531
6000198927293
6000198927458
6000198989066
6000198986165
6000198981362
6000198980982
6000198990031
6000198984664
6000198984099
6000198984984
6000198989865
6000198986951
6000196944984
6000196944987
6000196945005
6000196944993
6000196944981
6000196944990
6000196944999
6000196944996
6000196945008
6000196945002
6000198917899
6000198917785
6000198917956
6000198919084
6000198919294
6000198918988
6000198919966
6000198918319
6000198919276
6000198918751
6000199032603
6000198975437
6000198975670
6000198975570
6000199027126
6000198975679
6000199028452
6000198975596
6000199033127
6000199032492
6000199547077
6000199545371
6000199547568
6000199547994
6000199500883
6000199493513
6000199497238
6000199549492
6000199499966
6000199493130
6000199880119
6000199850054
6000199888708
6000199850581
6000199849821
6000199850894
6000199850404
6000199888467
6000199888671
6000199888179
6000199489425
6000199485942
6000199487244
6000199486071
6000199487914
6000199490388
6000199490363
6000199488793
6000199487260
6000199489737
6000199497740
6000199546316
6000199545479
6000199485835
6000199547346
6000199497497
6000199499036
6000199545334
6000199546973
6000199499091
6000199468569
6000199475240
6000199468051
6000199462433
6000199473062
6000199461691
6000199471666
6000199467936
6000199473735
6000199472977
6000199611333
6000199611637
6000199610632
6000199612707
6000199610296
6000199611354
6000199611419
6000199611467
6000199611992
6000199610970
6000199065897
6000199065244
6000199064797
6000199064254
6000199065077
6000199064111
6000199065144
6000199065375
6000199064807
6000199064744
6000200117080
6000200117371
6000200117242
6000200116998
6000200116301
6000200117696
6000200116322
6000200117311
6000200116519
6000200117045
6000199605713
6000199603901
6000199604964
6000199605740
6000199604485
6000199604188
6000199605609
6000199604127
6000199604891
6000199605858
6000198939972
6000198938439
6000198939615
6000198939114
6000198940114
6000198938171
6000198938890
6000198938634
6000198938139
6000198470212
6000198938516
6000198467562
6000198470118
6000197942631
6000197945154
6000198467376
6000197942840
6000197942947
6000199552870
6000197944871
6000199557182
6000198468220
6000199548457
6000199549125
6000199557042
6000199545386
6000199549769
6000199557368
6000199547530
6000199557290
6000197998944
6000198000478
6000198001836
6000198000684
6000198000237
6000198001897
6000197998482
6000197999198
6000197998734
6000198001718
6000196315258
6000196315142
6000196315251
6000196315255
6000196315264
6000196315145
6000196315261
6000196315148
6000196315268
6000196315139
6000199677053
6000199677388
6000199632764
6000199676987
6000199632376
6000199629634
6000199631450
6000199677559
6000199678191
6000199629660
6000200130695
6000199565093
6000200130445
6000199565127
6000199561241
6000199564825
6000200130180
6000200127971
6000199564593
6000200130398
6000199476505
6000199791070
6000199471185
6000199555572
6000199476408
6000199792342
6000199474775
6000199556703
6000199471750
6000199788213
6000199477814
6000199556139
6000199471267
6000199789711
6000199473867
6000199555298
6000199477615
6000199789449
6000199477727
6000199555785
6000199693743
6000199694445
6000199694387
6000199694300
6000199693299
6000199685957
6000199684551
6000199693324
6000199693872
6000199694442
6000199093364
6000199100163
6000199100388
6000199100325
6000199100079
6000199100131
6000199093397
6000198945874
6000199100373
6000199001068
6000199545957
6000199501509
6000199547041
6000199545658
6000199500442
6000199547966
6000199549027
6000199500268
6000199501173
6000199501775
6000199621066
6000199610367
6000199609709
6000199612957
6000199618984
6000199610804
6000199620230
6000199618102
6000199610203
6000199621285
6000196843254
6000196843266
6000196843257
6000196844658
6000196843358
6000196843367
6000196843260
6000196843251
6000196843343
6000196843263
6000199639159
6000199590925
6000199638542
6000199589769
6000199638339
6000199955922
6000199638746
6000199589318
6000199637980
6000199589580
6000199638178
6000199955255
6000199637721
6000199954947
6000199639497
6000199954895
6000199639305
6000199954455
6000199637793
6000199590982
6000199805082
6000199806769
6000199837539
6000199839628
6000199803049
6000199839354
6000199839510
6000199803940
6000199838911
6000199804207
6000197976630
6000197977012
6000197976654
6000197978221
6000197976854
6000197977607
6000197977338
6000197977188
6000197976049
6000197977967
6000198955084
6000198956894
6000198954893
6000198955384
6000198955621
6000198956480
6000198955843
6000198954550
6000198956885
6000198956380
6000198851259
6000198846138
6000198851256
6000198851266
6000198823365
6000198851275
6000198851271
6000198851279
6000198844892
6000198851262
6000197997945
6000197998008
6000197999455
6000198000168
6000197998357
6000199734501
6000199732935
6000199732840
6000199734016
6000199734333
6000198893039
6000198892434
6000198890757
6000198895872
6000198893951
6000198895494
6000198891799
6000198893677
6000198896229
6000198892379
6000199798179
6000199796947
6000199796323
6000199797180
6000199795950
6000199795526
6000199796705
6000199796286
6000199796118
6000199797271
6000196843497
6000196843488
6000196843491
6000196843476
6000196843479
6000196843482
6000196843500
6000196843473
6000196843485
6000196843494
6000192737812
6000192737790
6000192737787
6000192737800
6000192737803
6000192737793
6000192737784
6000192737806
6000192737809
6000192737797
6000198900892
6000198901393
6000198855527
6000198855069
6000198862906
6000198881205
6000198901746
6000198855967
6000198856773
6000198879623
6000199076254
6000199076423
6000199058139
6000199091522
6000199061254
6000199060574
6000199076169
6000199061541
6000199060895
6000199079032
6000199601107
6000199625289
6000199602638
6000199625081
6000199623111
6000199623158
6000199624682
6000199624756
6000199625301
6000199622533
6000197970915
6000197970540
6000197971803
6000197971289
6000197971449
6000197972673
6000197972298
6000197971622
6000197973023
6000197972537
6000197605914
6000197608563
6000197605944
6000197607777
6000197605681
6000197606129
6000197608189
6000197607771
6000197605848
6000197607619
6000199308036
6000199308895
6000199307673
6000199307295
6000199037942
6000199310030
6000199038770
6000199038956
6000199038870
6000199039311
6000197661608
6000197660608
6000197659786
6000197659722
6000197661022
6000197658426
6000197660226
6000197662080
6000197657748
6000197658521
6000199000473
6000198954708
6000198954610
6000198956801
6000199002026
6000198989506
6000199003091
6000198986784
6000198981733
6000199002283
6000198989599
6000198955602
6000198954675
6000198988156
6000198955259
6000198956854
6000198954566
6000198990065
6000198984551
6000198981709
6000197849272
6000197849323
6000197849444
6000197849714
6000197849796
6000197849819
6000197849905
6000197849908
6000197849983
6000197850052
6000197117531
6000197117534
6000197121176
6000197117539
6000197117525
6000197117519
6000197117542
6000197117528
6000197117522
6000196747610
6000198938324
6000198938341
6000198940138
6000198938556
6000198938827
6000198939086
6000198939101
6000198939535
6000198940078
6000198938450
6000199163579
6000199163750
6000199163140
6000199163683
6000199163040
6000199163390
6000199163543
6000199163421
6000199163652
6000199162655
6000196300318
6000196300290
6000196300306
6000196300348
6000196300278
6000196300330
6000196300284
6000196300338
6000196300296
6000196300273
6000199309069
6000199309703
6000199309941
6000199309671
6000199308874
6000199309496
6000199308976
6000200752586
6000199309405
6000199309485
6000198339496
6000198339621
6000198340733
6000198338667
6000198341142
6000198339486
6000198339119
6000198340113
6000198338784
6000198339097
6000196944930
6000196944924
6000196944933
6000196944906
6000196944927
6000196944921
6000196944918
6000196944909
6000196944912
6000196944915
6000196676945
6000196676963
6000196676969
6000196676954
6000196646873
6000196676957
6000196676966
6000196676960
6000196676948
6000196676972
6000199613736
6000199620875
6000199613479
6000199625155
6000199613854
6000199624565
6000199624463
6000199613601
6000199613811
6000199625414
6000197610289
6000197611418
6000197612378
6000197610937
6000197611042
6000197612082
6000197610251
6000197611099
6000197611657
6000197611673
6000197651188
6000197651259
6000197648340
6000197649105
6000197649119
6000197651102
6000197651391
6000197651068
6000197651274
6000197651061
6000200117723
6000200117513
6000200117268
6000200116570
6000200117550
6000200117037
6000200116554
6000200117841
6000200117060
6000200117071
6000199548392
6000199544688
6000199547736
6000199637645
6000199639079
6000199545018
6000199639176
6000199545266
6000199639091
6000199662853
6000198893007
6000198890881
6000198891955
6000198891917
6000198891199
6000198896318
6000198892078
6000198893823
6000198893713
6000198895481
6000198196290
6000198199856
6000198199415
6000198199761
6000198198133
6000198196321
6000198196508
6000198197135
6000198197843
6000198200371
6000197613995
6000197614885
6000197614990
6000197615988
6000197615348
6000197615106
6000197615374
6000197615548
6000197615207
6000197614861
6000198545430
6000198545556
6000198545433
6000198536261
6000198536356
6000198545652
6000198545759
6000198535744
6000198545510
6000198536432
6000199034028
6000198975625
6000198975606
6000199033867
6000199032792
6000198975688
6000199033597
6000198975539
6000199029932
6000198975485
6000199621923
6000199622387
6000199624482
6000199623155
6000199625033
6000199623498
6000199623796
6000199601092
6000199621123
6000199620336
6000197309025
6000197307641
6000197308559
6000197308415
6000197307618
6000197308670
6000197308534
6000197307877
6000197308781
6000197308853
10249080
10249113
10248796
10248900
10248525
10248660
10248821
10248593
10248419
10248616
6000196383767
6000196383770
6000196383785
6000196383779
6000196389619
6000196389625
6000196389622
6000196383791
6000196383782
6000196383788
6000196087098
6000196087116
6000196087110
6000196087119
6000196087095
6000196087101
6000196087107
6000196087122
6000196087104
6000196087113
6000199100082
6000198950174
6000199093391
6000199466617
6000199061437
6000199467022
6000199093190
6000199100270
6000199100292
6000199061691
6000199876854
6000199879627
6000199880014
6000199873033
6000199873481
6000199877318
6000199879823
6000199880415
6000199874329
6000199879022
6000199482278
6000199481415
6000199480281
6000199500902
6000199479981
6000199480770
6000199481244
6000199481563
6000199480300
6000199481868
6000196742015
6000196742027
6000196742009
6000196742012
6000196742021
6000196742018
6000196742030
6000196742024
6000196742033
6000196742036
57D38W3ZEPOJ
10027488
10032706
6000193648511
6000195552174
6000196993514
6000199947462
6000189074213
6000191791664
1S14KVS8SS1L
6000197843446
5CXK0JDRGWUE
6000196620752
6000199739603
6000198619586
6000199685578
6000198720790
6000197441272
6000196392637
206146
6000197453329
6000197739078
6000198401128
6000197052356
6DQ5T1IPHIW3
6000196731464
10241274
206359
6000198151282
6000198473188
6000191828704
6000197724532
6000198256047
6000198163001
6000199088663
6000198999381
10133929
6000199597197
6000196465162
6000197030684
6000191010662
6000195545070
6000189538451
6000198367380
6000197524524
6000197541246
10278764
6000198085276
6000193040856
6000199968673
6000198918688
6000200037227
6000196730259
6000197203946
6000197507687
6000197650729
6000199138886
6000187079792
6000196488432
6000197365780
6000199912845
6000187880879
6000197241587
6000198161756
995402
6000188838344
6000195406808
10249025
10311433
142812
6000197277833
6000198457796
6000193917985
6000197607428
6000195937579
7JGNR7JRK5BD
10031299
6000198424131
6000192178074
6000199553142
6000198886905
6000195359756
10277695
6000187837298
6000189273935
6000196001990
6000197686787
6000193175423
6000194665329
6000199344163
6000188767587
206979
6000199035716
6000196572583
6000197790569
6000194401499
10035579
6000199545761
6000197849782
6000196639670
6000193336416
6000199557476
6000196727186
6000187151516
10288050
6000199236510
3HBH4HVGIAXV
6000193176157
78RND1M5E18J
6000199149518
6000193810577
10279711
6000199102103
6000187016623
6000198230586
6000196943420
10200987
6000197480718
6000197881432
6000197926274
1ZMM7D2H0ABP
6000198287660
6VTY15SMME3L
6000196601693
6000196872887
10316637
7DIWODHL391F
10198351
6000198431931
6000196767323
6000197415075
6000199053561
10075953
67CA3HMCLMH2
6000193889693
6000197572005
6000187963738
6000197501884
6000199423158
6000189074197
6000197999724
10031820
6000199228042
6000197667390
6000199727182
6000197376071
10217202
6000199351978
6000198316141
6000196749882
6000195398564
6000193770117
6000198341093
6000197986650
6000195365379
6000197843344
6000198198951
6000198608811
6000197190247
6000198095242
6000198648567
6000198661203
6000197513824
6000187881039
6000198853016
6000196750424
6000198822693
6000198899216
6000198187264
6000197491272
1OSTHZ5GZS7K
6000198366699
6000196142898
6000195425904
6000198362998
6000199271691
6000198599120
6000193498724
6000195391261
6000198438244
6000196397386
6000194100392
6000197749613
6000198228281
6000191388478
6000197327224
6000198146758
6000194035876
6000196674553
6000187487305
6000196200335
6000196725115
6000198568117
10285808
6000198934392
6000198307932
6000188767442
6000198454434
10027542
6000198385289
10265418
10162054
6000197736338
10224606
6000198283739
10224864
6000198935609
6000199036078
6000197244852
6000196813616
6000195936576
6000188764780
6000188246809
6000198932841
6000190466276
10072629
6000199832249
1RXZNM40A84D
6000193176339
10263629
6000190645135
10257631
6000197850210
6000198286018
6000197626016
6000198058223
6000198752239
6000197606243
6000195353051
6NS8NSTYZCTR
6000196643547
6000200130639
10179167
6000197186092
10071231
10245813
6000198230882
6000199143539
6000196071698
872418
6000195366664
6000189068337
6000198253832
6000197876061
6000198267344
6000199172563
6000197497556
6000196677673
6000197188498
6000197293976
10293206
6000197718282
10287194
6000198361559
6000195358959
6000198398375
6000198020108
6000196766098
6000197936408
6000199274356
6000196611854
6000197977567
6000199262856
6000198635943
10286894
6000198921680
6000196715572
6000199037288
6000195345058
6000195266733
6000197225526
6000199026571
6000198362665
6000199782531
10052935
6000197208595
10277484
6000195937573
6000198611366
6000197883154
6000197791421
6000200350921
6000200159715
6000198453913
10266984
6000197836597
6000198560624
6000199417743
6000197838214
6000199260485
6000198441300
6000197724665
6000188099033
6000188190266
6000198494175
6000196958444
6000200200013
6000199638035
6000199120130
6000199262963
6000198227624
10031319
6000197986736
6000199389934
6000191325844
6000197706304
6000196963754
6000197681522
6000195547423
6000198904917
6000199481777
6000199115454
6000198837166
6000198924521
6000195508438
10202254
10065628
6000199969929
6000188762982
10309985
6000199369180
6000198108402
6000197721462
6000190504550
6000198119878
6000200277208
10197365
6000196150932
6000199190403
6000194637144
6000199946472
6000198601202
6000198599522
6000198253202
6000199156393
6000198198921
6000199493075
6000193889837
6000196868607
10236888
6000196373039
6000198267071
6000191367567
6000197588646
6000197817354
6000196093096
6000197865023
6000198516800
6000192387109
6000198100419
6000197988420
10220751
6000198129790
6000197640373
6000198185362
6000195391279
6000199401897
6000198340122
10249600
6000196131373
6000195496385
6000197876592
6000198918493
10194323
6000199261303
6000198266809
6000198604766
6000187081617
6000197914663
6000198695539
6000196568396
6000198606932
6000199405075
6000189054458
1RODFD6AWJGS
6000196216069
6000199929857
6000197188288
6000197480114
6000197745330
6000195431471
10263528
6000198128481
6000195362584
6000197003009
6000191275666
6000199397690
6000196843711
6000198501803
6000199459016
6000198022181
6000197371850
6000197168983
6000195508994
5RSXZXULL8X3
6000194059373
6000198335693
6000197978682
6000198331614
6000199032317
6000196839210
6000198734212
6000194104126
10238244
6000195405893
10065475
6000198252915
6000196962683
6000197940678
6000198148665
6000199943902
6000197667286
6000198753518
6000196181864
6000198648801
6000198896232
6000188761671
6000198100882
6000191269982
6000198021581
6000196072143
10233439
6000198079464
10154279
6000197328230
6000196441185
6000199348797
10060332
6000199262712
6000199173076
6000198905317
6000199586799
6000199891096
6000198574447
6000199749507
6000198926147
6000195541914
6000198734345
10271436
6000200030172
6000196628661
6000200284239
6000198340467
10246771
1XCYWNDV7KTO
6000198341115
6000197625833
6000199772255
6000196953477
6000196692472
10240841
3ZABHJ5SWZZM
6000199120127
6000197489975
6000198359422
6000198994363
6000199849331
6000197719517
6000196652635
6000199084769
10234166
6000197524945
6000198332371
10145778
6000199529493
6000198100726
6000196633075
6000195346152
10310719
6000197726573
6000190346876
10298292
5NTV2Q9GWZGK
6000200148118
6000198283419
10234447
10243531
10311223
6000198145124
6000198357258
6000199084127
6000199748114
6000198185822
6000187837343
6000196311750
926622
6000189273047
6000196285272
6000197092385
6000196072095
6000197707792
6000197280684
6000196421452
10249852
6000197199088
6000198256074
4TP03D86IFAS
6000191791406
6000199665639
6000198438672
10032332
6000194056927
6000198494127
10234507
10045256
6000199823136
6000188129994
6000197243942
6000199533482
6000197282982
6000198198329
6000196944827
6000187068576
6000198974646
6000194661110
6000190181124
6000196961894
6000198437087
6000198284166
6000196980309
6000189074447
6000199207286
6000197006263
30TNNZBKFU9F
6000200199919
6000191172929
6000199229667
6000199778149
6000199946363
6000197372024
6000196181642
7KGITVMVRM9S
6000196158543
6000197661959
6000196645851
6000198705823
6000196692368
10024925
6000196748183
6000198069759
6000199084665
6000196984346
6000198569278
6000188760238
6000197769857
6000197243171
6000198449215
6000197858511
6000198162241
6000198187016
6000188920519
6000199430045
10259585
6000196962081
6000198090126
10246762
6000195432094
6000200320027
10032625
6000193610705
6000198366485
6000197601423
6000198018856
6000198198954
10210531
6000197061211
6000198360421
6000197013996
6000196749839
6000198992225
6000197736543
6000197711174
10185024
6000197159670
6000197681344
6000199791529
4XBRGZO19120
6000187845354
2GZ8WUQY6I86
6000199107873
10168866
6000196733417
6000190466121
6000199261567
6000198253452
6000196852617
6000199316149
6000199493352
6000198785560
6000198146255
6000198441589
6000195397725
6000199924191
6000190045657
6000196948138
6000199948569
6000189134824
6000197748452
6000188710176
6000198151529
6000197319306
6000197506133
10264431
6000199831217
6000198790557
6000197201274
6000197206567
10245915
6000198173535
6000199115689
6000197696327
6000196104045
6000198286168
6000198967658
6000199943328
6000187969203
10293443
6000197845753
6000196286718
6000199046504
6000188476551
6000200025411
41231
6000187783039
6000198852927
6000197913422
6000197293024
6000195342469
51384
6000189950694
6000197627210
6000198256760
6000187853264
6000196389473
6000198285879
6000198976658
6000199912004
6000197532113
10072169
10025082
6000197876407
10299439
10157843
6000197725240
6000197665393
6000197546903
6000187837437
6000195516699
6000188727694
6000197570861
6000198384373
6000198325198
6000198104438
6000196673935
1MEYABIQGKNS
46J8WFCXYYSN
6000192928369
6000197629143
6000195954218
6000191940908
6000197843470
6000193040471
6000198873175
6000193336546
10027861
6000199868765
6000197625457
6000199704105
6000199612515
6000197841205
6000199401717
6000197877737
6000195376347
10305322
6000198283371
6000193237319
6000197869534
6000198361402
6000197852653
6000198428532
10169615
6000199684787
6000199236793
6000191124415
6000199245417
6000191178929
6000199303734
6000198952168
206241
6000198654497
6000196823341
6000188616124
6000199909804
10200521
10326398
6000197477720
6000200171556
6000195575339
6000199959895
6000199045022
6000198022939
6000198922024
6000197300702
6000196384711
6000200030713
6000198631696
6000196737472
6000198467594
6000198309259
6000188766469
6RU6X9GL2HEQ
6000196903891
6000197719778
6000196768193
6000197282639
6000200331688
6000188746642
6000200237812
3OXQYM7T7HWJ
6000197450901
6000198363866
6000198878060
6000196673217
6000197748324
204436
6000198965199
6000199104700
10250013
6000198517264
6000198735502
6000196685792
6000199345047
6000198108159
10324822
310UAS9ZL0ET
6000196211824
1O0KWVAJ5B21
10197412
6000190899548
6000198755042
6000197216420
6000194659535
6000198898150
6000196436378
6000198258691
6000193040759
6000196237840
6000196433852
6000198481048
6000198695784
6000199261851
6000197963903
6000198059727
6000198055063
6000189150297
745656
6000197052191
6000195549225
6000198308941
6000199704255
6000198973995
6000196831528
6000198997380
6000196484803
10144545
6000198356957
4LD5UAHK0EP4
6000198712770
6000196943552
6000199127555
6000197188736
4E3OVEHRZMWY
5H535LXHQPJB
6000187073715
6000187833016
6000195936741
6000194661485
6000199034253
6000199048205
6000193608049
6000196365503
6000200086598
6000198422542
6000187073691
6000197200971
6000199180089
10182452
6000197882372
6000199143917
3G5TJ1DXDE8L
6000199285569
6000190566444
6000187849559
6000195566473
6000199926135
5F2OCJEPOS12
6000200185909
6000196619447
6000197726749
6000194661398
204547
6000188761703
6000199260837
6000200262790
6000198837733
6000199770851
6000198255942
10184819
6000197089986
6000197175696
10298454
6000198453499
6000197726150
6000198361861
6000198172807
6000197305913
6000195443053
10245294
10229094
6000195942187
6000199697771
3NMJY2LSUVIR
21PUWWNAE1T3
6000197721410
10154384
6000187603003
6000199371531
6000196073929
6000199738567
6000198107135
10257070
10168756
6000198636659
6000199173923
6000195353073
6000197986590
6000198837742
6000196567766
6000195508688
6000198862225
6000189053296
6000199926104
6000199004861
6000199066244
6000198228296
10255306
6000195344597
6000199629179
6000198230029
6000196281235
6000196898278
6000196164680
10144154
6000199803968
10244175
10311613
6000196440552
6000197208690
6000187846503
6000197877122
6000189068588
6000198108260
6000198404596
6000199159832
6000196216183
6000200283759
6000198405557
6000199072204
6000196789450
6000195115443
6000198199156
6000197877217
6000196225946
6SBCZDXCH6W3
6000198046363
10032003
6000197989899
6000196539498
6000197695443
10293871
6000199528874
6000187982595
10272194
10231413
10185235
6000198393944
6000198229862
6000197092114
6000197882937
6000199237570
6000196801485
6000190801659
6000199928181
6000197522209
6000197513974
73TUU1BIQDYF
10199300
6000196658890
6000196885646
872667
10160501
6000199665988
6000199963280
6000192736277
6000197032691
6000189067866
6000188130112
6000196290039
6000192171224
6000200148386
6000188968090
6000195358692
6000198105675
10183082
6000198255351
6000198512566
6000196883942
10148669
6000198452618
6000196132133
6000199158652
6000198340508
6000199878975
6000196673420
10273393
10164730
6000197169196
6000188743268
6000198123364
6000195596162
6000197607171
6000197564770
6000198705642
872589
6000198391281
6000197655037
6000199659077
6000198971346
6000199586789
6000197880935
6000187397341
1XYID9DC4SA6
4HLZITKKPJ7L
6000199936060
6000197982416
6000199797661
6000195414089
10187653
6000196198311
10250066
6000196021844
6000198792820
6000198285073
6000194107559
6000199554220
6000195948393
6000195933714
6000198852917
6000197936199
6000197950156
6000197090331
6000200043913
10285280
6000194107130
10229569
6000196567724
6000197878619
10245762
6000198733292
6000188763486
6000197882795
6000191099542
6000200295195
6000198140779
6000196457716
6000196006437
5PZADDZIR8TH
144118
6000196035707
6000197289815
6000198672383
6000195359369
6000197401851
6000194660814
6000193495357
6000196410058
6000198149550
6000199034333
6000196144026
6000187847464
6000199300131
6000199916374
6000191828710
6000192504394
6000198258694
6000197936790
10199383
10071671
6000197978661
6000194057015
6000199739645
6000198435405
6000200031321
6000198751019
10276137
6000199841218
6000198046699
6000199704732
6000199207351
6000198456971
6000198255707
6000199542184
6000196405643
6000198684271
6000199911302
6000198988536
6000196887777
207813
6000197999032
6000198288317
6000199946706
6000198965086
6000197717516
6000198627460
6000197189530
6000199239862
10143691
6000196012430
6000199630426
7KUZ7SHNHKTL
6000199299450
6000200283766
6000197037112
6000198941248
6000196619638
6000194789685
6000196958441
6000199477383
6000197025805
6000196914759
6000199370976
34SFNO0HLEG6
6000197047826
6000199553071
10023917
6000200159780
6000199263321
226041
6000197191915
6000198104281
6000195524456
6000197029070
6000188206016
10032832
6000187846732
6000198239117
6000197198009
6000199218061
6000195431653
6000195997507
10291596
6000200320981
6000198440712
6000199126624
6000199157757
6000197709948
6000196620636
6000187915757
2MPJ9TJU94B3
6000198603176
6000197768337
6000199457786
6000196232856
6000196553349
10291030
6000200224448
6000190503544
6000198599811
6000196432406
10250824
6000199022772
6000197857780
6000188727836
6000198361032
6000199642401
6000196977737
6000198106121
6000195569838
6000200177721
10246030
6000196393975
6000196726730
6000197883699
6000199037241
6000198468420
6000199552923
10156576
6000198660594
6000196234563
6000197936931
6000197124227
879502
6000196163684
6000198187445
6000196087267
6000199458944
6000197998996
6AWW0O2WG1K9
6000200037183
6000199494894
6000196149751
6000197450889
6000197635671
6000197685590
6000198434718
6000196231872
6000198688486
6000197243915
6000199190006
6000188097872
10246243
6000197260857
10027485
6000194059991
6000195405562
10032246
10293483
6000193457089
6000199435835
6000196731405
6000198229066
6000198227886
6000198092513
6000197057412
6000197451094
6000197843172
6000197075139
6000188002978
6000196400230
6000197065291
206271
6000199191273
6000199873655
6000196235758
6000198200182
10156631
6000198322570
6000197374965
6000196975001
6000197469753
6000198752587
6000197085939
6000188965722
6000197721019
10027149
6000197365767
6000198972292
6000196344913
6000197331363
6000197715800
6000198140139
6000194035936
6000189067705
6000198038502
31C9456E8E8L
6000199924226
6000197189300
6000197224758
6000198837405
6000199442276
6000196184405
6000197215635
6000197391530
6000200218190
6000199778309
6000197022259
6000197186111
10249947
6000198424805
6000199399000
5VKV5D0QGEJQ
6000199233259
6000197489878
6QDF5V7H7NFL
6000197297070
6000198618956
6000195358983
6000200091278
10208987
6000198256539
6000197878258
6000196078433
6000198089658
6000198512825
6000197581221
2OASIKB6DWLP
6000199847109
6000199705462
6000196486949
6000198255489
6D4LJVRQFTHE
6000196839599
6000197999026
6000196980339
6000195997492
6000198512664
6000196600241
6000195538686
6000188726476
6000197324114
6000197677118
6000198098640
6000198702338
6000199924197
6000199405842
6000198258609
6000198966675
6000199060816
6000198151175
6000199598502
6Z0OCJEZ9H48
6000199090535
6000198424450
6000194986536
10244976
6000196469574
6000197327778
6000198360929
6000190181193
6000190247726
6000196164695
10198543
6000196819364
6000197880763
6000197480272
10181003
6000197591117
6000197881503
6000197791061
6000198729891
6000197879434
6000198257280
10066716
10192998
10262958
6000197611557
6000199604117
6000197289741
10193136
6000199703080
6000200089582
6000196226801
10246139
6000197269516
6000199459125
6000197274558
6000197472425
6000197590728
747G95R1Q6RL
6000199180322
6000195997474
6000197999887
6000198755354
6000198967751
6000196117716
5N0WQV1TGK11
6000198755566
6000199498599
6000199237234
6000199657595
10191074
6000198357409
6000196505829
6000198701838
6000187845288
6000196840385
10065700
6000200127530
6000196751631
6000197877513
6000196938338
6000188286617
41679
6000196751600
10303197
6000199180394
6000197429511
6000197739524
6000198141414
6000198317044
6000198973848
33APZ3PZ7N2T
10306266
6000198838097
10152887
6000198607169
6000197910073
6000197480055
6000197536135
6000198190076
10289130
6000194106815
6000188726888
6000199930111
6000195358709
4WSFBB0E6VCP
6000196792532
6000199773096
6000196915366
10232969
10179188
10277023
6000197972290
6000197183318
6000197208817
6000197710023
10032981
6000195566645
6000198335269
6000197333376
6000197716771
6000198253761
6000196915444
6000199261403
6000197481580
6000189098232
6000197594224
128477
6000197949080
6000187073186
6000200036845
6000198901263
6000199087023
10246498
6000186981614
6000197748154
6000197808762
6000195388336
6000193934339
10307571
6000188762560
6000199848699
6000198911472
6000199390370
6000198713861
6000199158124
6000197185121
6000191582835
6000198090031
6000198240324
6000196783504
6000197720346
6000198993758
6000198280684
6000199148732
6000195497773
6000197936764
6000199190850
114465
6000199620452
6000197283541
10288025
6000196852403
6000198493852
6000198198526
6000198006838
10183924
6000196947584
6000200093268
6000198254654
6000197316987
6000196239971
6000196139549
10181536
6000196122168
10223086
6000198967371
6000197890582
6000197755885
6000198156153
6000199038733
6000188986710
6000191388582
6000196742298
6000198464476
6000197072733
144065
6000198018301
10285480
6000196628837
6000199302115
6000196358628
6000197851690
6000197124143
10284835
6000198440886
6000195366579
6000194106041
6000190378642
6000197376805
6000196686757
6000198562317
6000198437543
6000197909027
6000192262806
6000199127180
6000199438762
6000197246283
6000199012990
2V9KHQIVJFN4
6000197158786
6000188460833
6000198860607
6000199749527
6000196892782
6000197009460
10190987
1E02DI5DE2T4
6000193008345
6000198107912
6000190234392
6000198229386
6000199409782
10256114
292PWKSZ5QIA
6000199725302
6000197343556
6000198428606
6000194484158
6000198543855
6000187152461
10262200
6000199156920
6000197300151
1Q7RWEHCXD86
6000198173817
6000198921523
6000197925375
6000199036601
6000199294528
6DT329UI8WMG
6000195508724
6000195492555
6000200284046
10238054
6000198666026
6000194056930